seqName	clade	qc.overallScore	qc.overallStatus	totalGaps	totalInsertions	totalMissing	totalMutations	totalNonACGTNs	totalPcrPrimerChanges	substitutions	deletions	insertions	missing	nonACGTNs	pcrPrimerChanges	aaSubstitutions	totalAminoacidSubstitutions	aaDeletions	totalAminoacidDeletions	alignmentEnd	alignmentScore	alignmentStart	qc.missingData.missingDataThreshold	qc.missingData.score	qc.missingData.status	qc.missingData.totalMissing	qc.mixedSites.mixedSitesThreshold	qc.mixedSites.score	qc.mixedSites.status	qc.mixedSites.totalMixedSites	qc.privateMutations.cutoff	qc.privateMutations.excess	qc.privateMutations.score	qc.privateMutations.status	qc.privateMutations.total	qc.snpClusters.clusteredSNPs	qc.snpClusters.score	qc.snpClusters.status	qc.snpClusters.totalSNPs	errors
assembly	20B	0	good	1	0	0	9	0	3	C241T,C3037T,C14408T,A23403G,G23909A,G25273T,G28881A,G28882A,G28883C	11082				ChinaCDC_N_F:G28881A;G28882A;G28883C	N:R203K,N:G204R,ORF1a:L3606X,ORF1b:P314L,S:D614G,S:A783T,S:M1237I	7		0	29865	89463	30	3000	0	good	0	10	0	good	0	24	-5	0	good	3		0	good	0	
